 32.1 30.8 31.2 29.5 29.5 31.1 31.5 32.4 32.1 32.3 31.4 32.6 35.6 37.5 30.3 31.1 29.4 30.0 31.4 32.2 30.2 31.7 32.3 31.6 32.5 32.8 30.2 31.5 32.7 34.7
 25.5 21.7 22.8 28.0 30.1 29.3 29.0 31.2 32.8 34.5 33.5 33.0 33.0 35.7 33.0 31.5 33.0 30.9 27.6 26.7 26.4 29.1 28.5 29.5
 29.1 30.6 34.7 29.4 24.0 26.1 26.6 27.4 26.7 25.7 28.6 27.3 28.7 29.4 30.6 31.0 31.2 31.4 29.8 25.8 27.6 28.3 27.7 28.1 29.2 28.3 30.9 28.7 29.1 29.3
 28.9 28.6 28.0 26.3 28.1 27.8 28.1 27.8 29.3 30.1 27.2 26.1 27.8 28.0 30.4 32.0 30.8 24.7 27.2 27.7 26.7 25.8 28.0 27.2 27.7 29.1 27.5 25.5 26.1 25.5
 25.3 26.0 26.7 27.6 27.2 25.8 24.2 22.5 27.2 27.9 22.9 22.3 24.4 25.0 25.1 24.4 23.6 25.4 25.3 25.3 25.5 25.0 24.2 24.6 23.8 23.1 22.7 23.5 26.1 22.0
 22.6 23.5 25.4 24.0 22.6 23.1 20.6 22.4 23.7 23.6 23.3 22.9 25.2 23.8 23.7 23.2 20.5 18.5 20.2 22.4 22.2 22.7 23.1 23.4 21.6 22.0 16.9 22.0 23.7 24.6
 22.4 24.4 23.3 24.0 22.9 23.9 24.9 20.4 20.6 22.2 20.8 21.8 21.7 21.0 21.6 23.6 24.3 25.0 23.8 24.9 20.2 20.7 22.2 24.1 24.1 26.3 25.6 26.4 26.4 23.7 23.3
 24.7 23.0 23.9 27.1 25.3 27.6 22.9 22.6 23.0 23.4 24.9 24.4 22.5 22.7 25.2 29.5 29.3 28.1 22.8 21.9 23.8 24.4 23.1 24.5 22.5 20.2 24.4 22.8 24.8 23.7 25.7
 27.1 26.3 20.6 21.7 21.6 23.2 24.7 25.0 26.8 25.1 25.0 24.9 26.2 26.4 26.9 28.3 23.3 24.3 25.1 28.7 24.5 25.1 26.1 25.6 21.2 23.7 24.2 26.8 28.9 20.8
 24.3 24.7 26.0 26.1 25.3 22.4 24.1 27.5 26.3 28.5 25.5 19.7 20.8 23.4 25.9 25.3 25.2 25.9 27.6 28.2 28.0 28.9 32.5 27.9 28.6 30.3 27.0
 27.8 27.1 30.8 30.7 31.3 32.0 31.4 25.7 25.1 27.1 27.7 27.8 27.1 28.3 29.6 29.6 29.6 26.2 27.0 28.3 31.7 31.1 30.2 30.6 33.5 34.8 29.9 37.9 34.5 29.8
 33.3 34.7 30.5 30.3 27.9 27.5 25.7 27.4 29.1 29.9 30.3 29.4 30.2 31.3 31.0 25.9 28.8 29.8 30.9 32.5 34.9 35.7 28.6 27.9 28.3 28.7 29.5 29.7 30.5 30.6 31.4
 31.6 31.1 29.4 30.1 30.9 31.3 30.1 29.9 29.8 31.0 31.0 31.7 32.1 32.0 31.6 33.3 32.6 32.4 32.9 33.0 32.3 32.2 33.6 33.2 33.2 33.0 32.5 33.2 32.0 32.3 33.0
 33.3 32.2 31.4 31.3 32.1 30.0 30.5 30.4 33.0 32.8 31.5 34.8 34.3 31.8 31.3 30.9 32.0 32.2 33.7 33.9 33.5 32.0 31.9 30.7 29.4 26.8 29.5 26.8